Using cpu device
Epoch 1 ----------------------------------------------------------
loss: 1.091571  [   15/ 6000]
loss: 0.617249  [ 1515/ 6000]
loss: 0.622373  [ 3015/ 6000]
loss: 0.581853  [ 4515/ 6000]
Test Error: 
 Accuracy: 97.9%, Avg loss: 0.575438 